913249281
1174071729
1440894185
877241598
406527159
459571657
705978924
675598175
2124792094
1813599117
934345122
1281671505
259964800
246186532
412232483
625431785
1623405512
1117419907
1710042060
838934110
1516517800
183905305
719351724
1836680713
189141919
662620915
2136194866
222875412
1190712893
1450307754
311635734
2103962174
476895835
1752529920
833720124
883422994
64617929
1539699048
1559021170
41926375
1205814517
345882644
1323597881
1465779317
592069176
1735830364
2091211103
67991041
705766623
1653769515
906925151
74800776
1837674820
1626276875
1911481489
2026816739
141414143
1900192708
102208504
1332127036
1203016814
413844238
1288605563
1679912649
18890510
2122325687
415851995
83508440
1514541088
1974873165
125434815
572871957
173272161
1449032696
2038651275
765341338
1037379413
1982378730
833332379
1743146036
1488664597
1740257530
1817946812
1178855770
1219050758
1581944654
1058188861
1360464901
1334653714
1160397365
545108289
390186880
1574241604
1833713852
2070099529
1593132114
1808555892
338467876
1676640554
1175613332
165857394
1802075370
1748485289
339129555
1103624418
1639652916
1104470893
2141003831
1474547998
1937803272
1736666220
815728948
1530577155
1407129384
1994584718
602144265
841590390
905289931
1962609166
28760456
2065687297
360233807
418947336
1492445253
46464012
341563217
938093719
1855019904
680031094
467250626
883149588
845888488
121842348
484151229
1185018043
1225466766
2123804146
142005289
1218986950
1450868496
2079808561
808169522
119113796
1462902068
67815258
2113698514
2065046333
909405649
871504798
1880171851
938166105
789708447
92922011
1357113442
134670052
139386023
1698676659
1072763771
1994405927
231224105
1540014397
730071867
1077112593
1661856745
1214223096
114646989
739839864
1190543594
256652278
1958826814
493928443
188977191
619512688
613042239
1651879260
687327946
579257106
1569441945
1596733595
1450761904
1302130149
387416053
92986703
1395052160
1744529495
227656755
1534438183
1295722506
1300420526
1381360462
1526946612
692951276
2111432329
456575557
207324373
1178171777
571222546
947164237
221231724
827874824
758507403
715160167
1016852016
1378020091
1328202406
521247628
2065348038
1907459512
2090689573
1514597985
1210737768
1245336074
1902014038
1303724471
492904586
1499059885
1531381226
2027342769
647298744
684318105
1261219583
26761708
1377269381
1225168264
483337265
1584593754
255856394
1054559812
384274344
477088118
1882434636
1142781747
1192248285
751803004
373318191
372967043
1273050632
291182581
132942908
1216256558
1805780566
1343680676
314108984
1560310957
499921500
807013571
911887194
2031302726
686872692
1559185938
568137183
1948092276
1585947646
1945406564
1025776892
2069284912
1382516671
1281633286
976361076
1766791015
1758721404
711312064
762089114
803486041
1463115069
1135407305
1176453085
588682053
1426589886
1309395993
1804938611
1084886805
505593021
2119047596
497714114
1005514521
778577519
1409601308
889333600
1465450211
821303599
1457470783
1266058839
259767597
1255393700
144352084
181568861
490426723
1425985370
1157929937
109734090
1037223127
1869242002
871823204
1840709168
1184873423
2007230510
869678605
1773555476
1286336748
31590950
1431010440
223739905
537183972
1402574388
721454019
1542698493
33668259
2131055328
284548445
1499118470
804875279
1742019229
617693662
1064642876
849929281
762045746
1246211738
1340356004
40547468
256658027
1450090094
1077770595
2125900029
174429650
770996116
1163289804
34176512
1640674721
789361633
1320513261
1672265672
72888425
1544253166
61965996
1475462813
118223538
1604664489
1509131072
101795218
1889212935
860765894
906670497
1483748516
1478459556
1971313373
186194149
93021654
1070041463
1526550153
133569123
1326699491
829156599
1211339718
1305115872
1003586249
1982335834
320922029
1037762762
1475526908
1110283662
210792375
1000308932
1183172087
1755045541
1062274928
511151252
1873269079
519455769
2020282324
1975064297
261185056
733564570
734251146
1744933572
64540479
558080872
1931127721
157562133
1628122335
1310194226
291131256
807338178
2139350825
1502470975
2112454051
995453427
1337323161
285892432
2033216189
665366421
1396176094
96524916
1665675353
431864533
1851570457
580466633
943015785
1577355889
1099922403
815814461
1404936538
1361107459
1549379031
2139187685
958557384
1613919510
549784909
742201457
1771481644
30423596
2052395684
2062612900
837761775
2044262861
1417600227
802732178
892232640
607439741
1088624610
777965181
1272806162
337317056
874490097
790997868
769181589
578576907
1371464501
1712197374
8449148
323903256
380528187
1413385686
1685010716
1929907218
1405089723
496084452
1396343081
1954874632
1238285909
1020341077
1985298229
1143197945
935470329
675576356
1039977159
205586909
1478308534
1932209799
813026650
419449496
562691333
2085832812
756766552
1437181430
729347032
1525948141
2015758337
2100811534
1090661867
2024207485
277231142
1471190054
1290109524
1962241858
1253613624
547715599
310842662
502473057
355106584
1549128572
1522814134
192921165
544842869
310800816
868497521
1584820028
516387725
199322407
1369546180
1329414375
618771903
1932237513
1267763539
1375538455
1221935295
1997110572
754002948
1090209985
1950438458
1844664815
966933822
80185952
1168371221
109559698
2042427811
274501197
657275298
205786825
776974255
1012381882
1754915397
152304741
1205303047
152274619
463105557
2073800568
1737094647
979493282
125639327
959157179
161424009
744411230
743911044
1429187549
2119949685
1965846340
1278814473
726468985
908572677
1081769283
423650152
1875506499
1161955235
1592021373
1985066198
1056899398
1866522570
494857848
1262686224
496013177
1507239730
870117973
648317919
565059129
1022392592
1111423476
491376049
612003592
2090916759
617015376
1571160771
104857120
1361426606
167588168
1534044669
1333892643
2133434508
665375494
2060361628
894523537
1747144777
336528132
622546388
761616365
1928549505
460128938
1818515763
1647588427
954986786
933718339
2143601605
314742868
1803836313
644435876
879801997
678745257
1755859352
1371178046
1290748849
1699292463
1988193422
714425973
1804149584
1202136380
882014141
1190710605
388545375
867965001
1856086100
301423355
1762488538
1455747229
637951487
237551278
69879946
419017344
697680217
1888395710
2066605772
1652667003
674630401
2062723729
1967409872
330983066
559675957
699728221
1009728324
168051661
2070906268
152993525
1867344125
1911616042
867419498
1524010061
966268775
1749433639
567237018
1354814150
469914992
275839470
1656237506
84919882
1731586700
146705345
322471161
1801466646
565722690
1020151378
1542378708
484844814
525334733
69525462
400084895
345260957
400508528
959760852
1044989179
1410236852
1127812513
968411799
1563230378
847672990
732544193
283166228
224199403
1698812968
2032599868
791436422
906143471
355031212
1067275892
414897329
439951095
651378944
561602674
762422256
305361943
1127325364
1782573634
1847740651
1612170178
160424719
1917266113
2012255073
505685677
170290994
824532277
1550674856
1580527846
1952344791
371603007
996274576
652534133
1104147200
1279440805
876733537
655476521
1164557025
1668169959
1561619992
1519588237
587962203
1976517321
1959539332
1239341148
390636347
574477940
1544703091
1517961712
209567926
1244960094
982648242
369992646
1014742560
847419668
875678323
1185033554
1671951945
278869531
618077752
1476813088
650472538
1614352329
2129347222
1754619738
746309486
858597111
262612611
1910866511
379283422
1824232603
1282971100
967245625
1653266276
1095026785
59103125
2043902624
1669504725
1603806216
1414380688
1879072652
701282663
249545282
101581650
1716025223
1096964950
977259973
753575129
621433248
1256129504
1371652881
2098246336
1906602042
838521562
2080109910
1513738132
1584831048
791223373
1776350744
1348213911
1170506795
1453099699
483701364
2137752421
958882328
1578728149
49371898
855301304
1100749226
1653178115
122198344
832338230
206977130
371743626
933919880
1923002353
1468708577
1911179853
529093834
2090141825
1019825709
1900746715
2040904513
778944103
591784630
1973530776
145198588
29132030
617270501
1921549332
1377345942
1787777297
1227165383
1861047306
1778046070
38564063
1292291807
1827417968
893865367
245557385
1333112435
1016063711
1077895616
1540089565
1387807338
2011815496
1315608270
709032267
1775511702
1844702104
651690444
647853763
1597965172
545111309
1426797867
42266154
371158437
1571996455
71398184
988428939
1346062139
1448744126
628722588
425743874
1162307784
259285010
464307938
307115943
2086702978
1358173305
552673329
1272331766
226753369
1630568945
664937683
1614560707
1494900793
1980545954
176109326
1122928847
1677764410
827799770
1770782611
1128245934
1372911079
1050096830
1170512088
1744069517
474609637
1241910273
585014808
1820671776
543170751
1213737396
98932002
1705478536
1473022406
563239940
2012594479
1412241736
1921413246
417784160
537089854
682967
2048353105
1202027538
1615243674
1395770251
1035089844
1791353000
371215450
565370606
471669122
2141998061
1693616541
1844580201
1044611243
716644981
1441166070
1519220880
1958555254
2026180878
1192409008
354242358
1092434626
1291341011
2059720894
417973384
1854580951
1924831725
1830215121
1628510549
195132238
219821327
1629193516
96001695
1421848865
1096953542
1491771946
309455061
740822894
1862987397
874825668
1212492016
1857501810
420958561
909588570
754629406
1137603542
203270992
126366638
948675149
81968223
1318775647
1302917507
1174402849
462633010
1215154753
1592376234
169730313
992502830
1275107707
1798240863
1187635068
1494929034
1279950731
1283636764
769294252
229420626
627925062
1078749313
970243520
343428811
1953574981
35251889
53446974
227049894
944840459
808076380
1364653437
1148111451
934443018
165844938
1230079674
105735017
1468762445
256998876
568368027
536433550
1849375110
738098341
1528936380
976999169
388855556
569087801
324444555
1668806287
1852724565
1093738807
1898226913
333165979
25004473
720986786
676594791
1978579454
756238675
730041765
58145701
1701079134
1538118145
1422799138
701706937
325077515
1588644076
1931786612
430812533
909922873
41301840
999180560
1446356423
1890676950
1737278901
827809155
720192471
2126134457
1396896956
1044637026
1647457097
1102137873
2138375834
1398200362
1435303853
15896659
2119187148
2111898644
1994476113
727942175
694456761
2052621814
281537661
85091258
1327937304
983244599
410168773
769097732
767547563
840981306
1679020605
808849403
1840161867
977893380
552042705
1429957120
1805702536
1272235176
1408607930
1055115844
169388554
908581379
9770070
160280740
159298093
1445073923
176177399
131001594
1409488919
23169865
858943769
2103945680
